	(1)	(2)
VARIABLES	F2.mortality	F2.mortality
		
0b.low#c.unicefmcv1	0.0530	0.0530
	[0.0734]	[0.0734]
1.low#c.unicefmcv1	-0.977	-0.977
	[0.130]	[0.130]
healthcare	0.00651	0.00651
	[0.000929]	[0.000929]
1996.year	-1.778	-1.778
	[0.397]	[0.397]
1997.year	-4.172	-4.172
	[0.629]	[0.629]
1998.year	-5.804	-5.804
	[0.795]	[0.795]
1999.year	-7.044	-7.044
	[1.031]	[1.031]
2000.year	-9.071	-9.071
	[1.209]	[1.209]
2001.year	-10.88	-10.88
	[1.358]	[1.358]
2002.year	-12.66	-12.66
	[1.565]	[1.565]
2003.year	-14.48	-14.48
	[1.656]	[1.656]
2004.year	-16.83	-16.83
	[1.827]	[1.827]
2005.year	-18.42	-18.42
	[1.915]	[1.915]
2006.year	-20.19	-20.19
	[2.024]	[2.024]
2007.year	-22.50	-22.50
	[2.176]	[2.176]
2008.year	-23.79	-23.79
	[2.394]	[2.394]
2009.year	-25.38	-25.38
	[2.331]	[2.331]
2010.year	-26.64	-26.64
	[2.427]	[2.427]
2011.year	-28.55	-28.55
	[2.580]	[2.580]
2012.year	-30.32	-30.32
	[2.713]	[2.713]
		
Observations	3,071	3,071
R-squared	0.576	0.576
Number of pan_id	183	183
Number of Countries	183	183
Robust standard errors in brackets		
